88 49 x93 76 07       46 54 54 71 97 54
33 34 96
65 73 38 68 53 87 85 05
73 9 2      86 78 5 8 14 79 48 56 19 6 03 76 26
93 9 93 24 23 65 27 23 75 96 48 48 51 78 36

43 44 46 77 77 9 95 21 85 89 thirty-six
61 4 54 77 27


47 17 24 29 12               43 86 9 11 89 18 5
31 36 28 24 46 57 36 71 84 29 2 98 47 17 33 05 85
     92 14 42 sixty5 28 12 62 16
62 02

++01 52 1 11 65-97-06

14 37 5 98 79 5 32 71 7 38 43 03 88 09 19 31 36
74 28 7 42 02 95 15 15 35 82
75 37 61 67        15 05 18 77 99 44 34 39 37 68
42 58 49 39 75 17
54 74 44 86 75 51 61 32 47

99 34 68 19 61 8 18 49 13 97

33
8
91
81

74 02 95 57 47 94 18 86 63 26 48 41 42 91
tiger 84 68 07 5 46 58 25
23 37 49 77 55 12 79 91 44 41 69 22 32 2 43 22 15

            "18"

65 03 38 53 92 38 51 13 47 23 56 74 68 81 31 61 14
2 51 16 45 19 16 63 08 25
36 19 47 47 65 35 64 98 99
27 04 11 64 38 61 31 19 49
why_is_this_here?
9 10 75 86 83 13 79 3 68 32
11 95 9 74 09 27 25 98 86 78 06
92 58 16 35 79 2 62 54 57 59 44
9 76 30 16 38 51 54 04 63 15

19 46 84 27 8 23 6 24 32 91 5
66 32 9 72 41 29 7 17 68 23
60 24 7 33 1 71 37 07 59 65 98 51
13 94 81 53 5 29 82 73 3 87 78 **92** 5
6 22 88 55 27 84 44 62 52 93 23 53
77 99 89 39 48 85 69 62 26 95 87 78 01
77 55 05 91 1 98 61 07 77 22 56 46 63
15 6 24 59 62 53 04 87 78 79 43 97 36 89 9
58 66 86 32 43 64 8 38 54 8 9 13 88
88 19 57 26 47
66 65 84 54 39
7 28 14 72 76
46 49 84 32 6
49 5 25 81 6 11
99 97 41 29 72 08
82 19 64 49 49 53
61 65 4 96 45 73
48 15 36 51 61 94
24 93 52 70 44 43
16 24 04 37 85 92
07 94 47 33 31 49
25 02 5 09 37 41 4 72
